Commands used for Task 1
Task 1 sed:
1)
Result of wc vendor2.csv
  2206417   6619251 272950834 vendor2.csv

2)
Result of "head -10 no-separators.csv"

vendorid,tpep_pickup_datetime,tpep_dropoff_datetime,passenger_count,trip_distance,ratecodeid,store_and_fwd_flag,pulocationid,dolocationid,payment_type,fare_amount,extra,mta_tax,tip_amount,tolls_amount,improvement_surcharge,total_amount,congestion_surcharge
1.0,20190101 004640.000000,20190101 005320.000000,1.0,1.5,1.0,N,151.0,239.0,1.0,7.0,0.5,0.5,1.65,0.0,0.3,9.95,
1.0,20190101 005947.000000,20190101 011859.000000,1.0,2.6,1.0,N,239.0,246.0,1.0,14.0,0.5,0.5,1.0,0.0,0.3,16.3,
2.0,20181221 134830.000000,20181221 135240.000000,3.0,0.0,1.0,N,236.0,236.0,1.0,4.5,0.5,0.5,0.0,0.0,0.3,5.8,
2.0,20181128 155225.000000,20181128 155545.000000,5.0,0.0,1.0,N,193.0,193.0,2.0,3.5,0.5,0.5,0.0,0.0,0.3,7.55,
2.0,20181128 155657.000000,20181128 155833.000000,5.0,0.0,2.0,N,193.0,193.0,2.0,52.0,0.0,0.5,0.0,0.0,0.3,55.55,
2.0,20181128 162549.000000,20181128 162826.000000,5.0,0.0,1.0,N,193.0,193.0,2.0,3.5,0.5,0.5,0.0,5.76,0.3,13.31,
2.0,20181128 162937.000000,20181128 163343.000000,5.0,0.0,2.0,N,193.0,193.0,2.0,52.0,0.0,0.5,0.0,0.0,0.3,55.55,
1.0,20190101 002128.000000,20190101 002837.000000,1.0,1.3,1.0,N,163.0,229.0,1.0,6.5,0.5,0.5,1.25,0.0,0.3,9.05,
1.0,20190101 003201.000000,20190101 004539.000000,1.0,3.7,1.0,N,229.0,7.0,1.0,13.5,0.5,0.5,3.7,0.0,0.3,18.5,

3)
Remove fractional parts of numbers from no-seperators.csv (2)

Results of "head -10 no-fractions.csv":

vendorid,tpep_pickup_datetime,tpep_dropoff_datetime,passenger_count,trip_distance,ratecodeid,store_and_fwd_flag,pulocationid,dolocationid,payment_type,fare_amount,extra,mta_tax,tip_amount,tolls_amount,improvement_surcharge,total_amount,congestion_surcharge
1,20190101 004640,20190101 005320,1,1,1,N,151,239,1,7,0,0,1,0,0,9,
1,20190101 005947,20190101 011859,1,2,1,N,239,246,1,14,0,0,1,0,0,16,
2,20181221 134830,20181221 135240,3,0,1,N,236,236,1,4,0,0,0,0,0,5,
2,20181128 155225,20181128 155545,5,0,1,N,193,193,2,3,0,0,0,0,0,7,
2,20181128 155657,20181128 155833,5,0,2,N,193,193,2,52,0,0,0,0,0,55,
2,20181128 162549,20181128 162826,5,0,1,N,193,193,2,3,0,0,0,5,0,13,
2,20181128 162937,20181128 163343,5,0,2,N,193,193,2,52,0,0,0,0,0,55,
1,20190101 002128,20190101 002837,1,1,1,N,163,229,1,6,0,0,1,0,0,9,
1,20190101 003201,20190101 004539,1,3,1,N,229,7,1,13,0,0,3,0,0,18,

Task 2 awk:
1)
Frequency of tips (not sorted)
Command used is: $ awk -f awkscript.awk ~/cs131/2019-01-h1.csv >> ws56.txt

22.5 7
22.6 2
22.7 5
22.8 5
22.9 5
20.71 1
20.31 2
20.72 2
60.16 1
20.32 10
20.74 1
20.34 4
20.75 6
20.35 3
20.76 2
20.36 6
20.78 1
56.74 1
38.82 1
16.91 3
38.01 1
20.79 2
16.92 1
16.51 3
16.11 3
16.52 4
38.86 1
16.53 1
16.12 1
16.94 2
16.13 1
16.95 22
38.06 2
16.14 10
16.96 26
16.55 17
38.89 1
16.97 1
16.15 24
16.56 35
16.16 57
16.99 1
72.0 4
32.0 7
16.17 2
16.58 13
32.1 1
16.18 3
16.59 9
16.19 1
32.7 1
32.8 1
21.71 4
21.72 1
21.31 4
21.32 3
21.75 4
21.35 5
21.77 1
21.37 2
21.39 3
19.0 15
19.1 3
39.86 3
19.2 9
19.3 5
19.4 5
19.5 3
82.0 2
19.7 10
42.0 5
19.8 5
42.2 1
19.9 5
48.21 1
66.14 1
22.71 1
80.88 1
26.31 1
22.31 1
88.48 1
22.32 3
80.08 2
26.73 1
26.32 1
22.74 2
26.34 2
44.26 1
22.75 2
26.75 2
26.76 2
22.76 3
26.36 1
22.36 5
22.78 1
26.79 2
22.39 2
29.0 5
123.0 1
29.1 1
29.2 1
29.5 1
29.6 2
29.7 2
92.0 1
52.0 2
52.7 1
202.0 1
41.21 1
27.71 1
23.71 2
63.56 1
27.31 2
23.31 2
23.73 1
45.24 1
23.32 3
45.25 1
27.33 1
67.59 1
27.75 2
23.34 2
23.75 3
27.76 1
23.35 2
27.35 1
45.68 1
23.76 4
45.28 1
27.77 1
23.36 3
23.79 1
23.39 1
27.39 1
39.0 3
39.2 1
39.3 1
39.5 1
39.6 1
62.0 3
212.0 1
42.62 1
68.54 1
28.71 2
24.31 5
42.65 1
24.32 2
28.32 2
28.74 3
212.5 1
42.26 1
24.35 3
24.76 4
28.76 2
24.77 2
24.36 1
24.39 1
51.81 1
51.45 1
14.0 135
14.1 18
14.2 34
14.3 82
14.4 14
47.21 1
14.5 11
25.71 1
14.6 1311
29.72 1
25.31 3
29.31 2
47.64 1
14.7 53
14.8 19
14.9 10
25.74 4
29.34 1
29.75 1
25.75 2
25.76 1
47.27 1
25.77 1
25.36 2
29.36 1
25.78 1
29.79 1
59.0 3
70.72 1
30.91 2
30.51 1
30.11 2
34.11 2
30.52 2
24.0 8
12.61 3380
24.1 2
30.95 1
12.21 27
12.62 50
34.14 1
30.96 1
24.2 4
30.55 3
12.22 6
30.15 1
12.64 49
30.56 4
24.4 2
30.16 9
12.65 71
12.24 27
30.99 1
24.5 1
34.58 1
12.66 86
12.25 49
12.67 4
12.26 132
24.7 1
12.27 3
24.8 3
12.69 18
12.29 1
24.9 1
31.91 1
35.92 1
17.61 1
34.0 2
13.61 14
34.1 1
35.13 1
17.21 5
13.21 12
35.96 1
34.2 2
31.55 1
31.96 1
53.06 1
31.14 1
17.22 3
13.22 28
35.55 1
13.63 1
13.23 1
35.56 1
31.56 1
13.64 17
17.64 5
31.98 1
13.24 2
35.16 2
17.24 4
17.65 14
13.65 33
17.66 17
17.25 7
13.25 33
13.66 42
17.26 22
17.67 1
13.67 28
13.26 54
17.27 2
74.7 1
17.68 2
34.7 2
13.28 1
34.8 1
17.28 2
34.9 1
13.29 21
115.0 1
58.41 1
50.41 1
36.91 1
32.91 1
58.84 1
36.51 1
54.03 1
36.11 1
18.61 1
44.0 4
14.61 6
10.61 85
58.46 1
18.62 1
115.7 1
36.95 1
18.21 2
50.05 2
14.62 1
14.21 19
10.62 10
10.21 148
36.54 1
36.14 1
32.55 1
44.2 1
36.96 1
14.63 1
50.06 1
14.22 1
32.96 1
10.22 77
36.15 2
32.56 2
18.64 3
10.64 161
14.64 3267
44.4 1
10.24 3
50.08 1
36.16 2
32.16 5
18.65 11
18.24 9
14.65 31
10.65 123
44.5 1
54.09 1
10.66 118
18.25 12
14.66 31
18.66 19
10.25 180
14.25 26
18.67 1
18.26 19
14.26 51
10.26 311
10.67 98
10.27 5
18.68 4
14.68 1
18.27 1
14.27 13
18.69 2
14.28 2
10.28 1
44.8 1
10.69 2
18.28 1
14.29 1
10.29 59
400.0 1
55.82 1
37.91 1
55.85 2
19.61 1
54.0 3
15.61 8
11.61 38
33.95 1
55.46 1
19.21 7
15.21 11
15.62 6
55.05 1
11.62 2
11.21 44
33.14 1
55.06 1
37.14 4
59.06 1
19.22 3
37.55 2
15.22 1
11.22 4
33.97 1
11.23 3
15.64 4
19.23 2
19.64 3
11.64 111
37.15 1
33.98 1
37.16 1
19.24 1
19.65 9
11.65 58
15.65 23
33.16 3
15.24 16
19.66 4
15.25 19
19.25 6
11.25 116
15.66 35
11.66 94
37.59 1
19.67 2
19.26 17
11.67 75
15.26 34
11.26 182
19.27 1
15.27 1
11.68 1
11.27 82
11.69 3
19.28 1
15.69 11
15.29 1
19.29 3
82.16 1
20.81 1
60.24 1
20.41 2
20.82 5
20.42 1
20.01 3
20.02 2
20.86 1
20.45 13
20.04 3
20.46 5
20.05 14
20.47 2
20.06 19
20.48 1
20.49 1
20.08 9
16.61 5
56.05 1
20.09 1
16.62 3
16.21 6
38.55 1
16.22 7
16.64 6
38.16 2
16.24 4
16.65 34
16.66 31
16.25 21
16.67 5
16.26 39
16.27 2
16.68 2
16.29 4
83.13 1
21.81 4
21.82 5
21.42 1
21.01 1
21.84 3
43.76 1
145.0 1
105.0 1
21.02 5
21.44 1
21.85 2
21.86 1
21.45 9
21.05 4
21.46 2
21.06 7
21.47 1
39.51 1
21.08 4
21.09 5
39.56 1
16.0 59
16.1 5
16.2 17
16.3 12
16.4 8
16.5 4
16.6 8
16.7 17
16.8 8
16.9 8
40.31 1
22.81 1
48.32 1
40.32 2
26.81 2
40.74 2
22.82 4
22.42 1
26.01 1
26.02 1
22.02 1
26.85 1
40.36 1
22.85 5
22.44 2
26.86 1
22.45 1
26.45 4
44.79 1
22.46 7
22.05 6
22.88 2
26.06 3
22.06 4
22.89 2
22.48 2
26.07 1
26.08 1
26.49 3
22.08 5
26.0 10
120.0 3
26.2 2
26.3 1
26.6 1
26.7 1
26.8 2
49.31 1
27.81 2
23.81 3
23.82 2
27.41 3
23.41 4
23.01 1
23.42 1
45.75 1
27.01 2
41.76 2
27.84 3
27.85 2
23.85 1
23.03 1
23.04 3
23.45 5
27.45 1
27.86 2
23.46 2
27.46 2
23.05 5
27.05 1
23.06 2
27.06 3
27.48 1
27.89 1
23.07 1
23.08 4
27.09 1
36.0 3
36.1 2
36.2 1
36.9 1
42.31 1
28.81 1
24.81 3
28.42 1
24.01 2
24.84 3
42.35 1
24.02 1
28.02 2
46.76 2
46.77 1
28.85 1
24.85 2
24.45 1
28.45 1
28.86 2
24.46 1
28.05 3
24.05 5
28.46 5
28.06 4
24.06 5
24.88 1
24.89 1
24.49 1
24.09 1
46.0 1
140.0 2
100.0 10
46.7 1
11.0 538
29.81 1
11.1 116
25.82 2
29.82 1
25.41 1
11.2 93
222.22 1
29.01 1
11.3 65
25.02 1
29.02 2
11.4 62
25.85 1
25.44 2
11.5 70
29.04 1
11.6 62
25.46 1
25.05 4
29.46 2
11.7 6495
25.06 5
11.8 49
29.06 2
25.89 2
29.89 1
11.9 58
29.08 1
25.08 1
56.0 2
163.33 1
150.0 4
110.0 3
56.2 1
30.61 1
30.62 1
34.21 1
30.21 3
52.55 1
12.71 22
12.31 18
52.98 1
30.65 1
12.73 4
30.24 6
12.32 79
12.74 1
12.33 1
12.34 3
30.26 4
34.67 1
12.75 49
12.35 38
21.0 29
12.76 147
12.77 49
30.69 1
21.1 4
12.36 37
21.2 15
12.37 2
12.79 1
21.3 5
21.4 4
12.39 68
21.5 3
21.7 9
21.8 6
21.9 6
71.41 1
31.61 1
66.7 2
17.71 4
13.71 10
17.72 2
31.64 1
35.64 1
17.31 10
13.31 18
13.72 4
35.65 1
17.32 12
13.32 38
13.33 3
17.74 2
31.66 1
13.74 24
35.66 3
17.75 8
31.26 2
13.75 20
17.34 6
71.0 1
31.27 1
17.35 5
17.76 19
31.0 3
13.76 77
13.35 27
13.77 2
35.28 1
13.36 13
17.36 20
13.78 1
71.2 1
17.78 1
31.2 1
13.37 26
13.79 1
17.38 2
17.79 4
31.4 1
13.39 16
17.39 6
31.5 2
31.6 1
54.11 1
18.0 96
112.0 2
18.1 4
58.55 1
14.71 6
18.2 11
10.71 76
18.72 1
18.3 5
36.64 1
14.31 6
54.56 1
10.72 5
14.72 16
10.31 143
58.16 1
54.16 1
18.32 11
14.32 145
18.4 4
10.32 73
14.33 1
58.58 1
36.25 1
14.74 1
18.5 7
32.66 2
10.74 41
10.33 3
36.26 2
32.26 4
18.34 1
18.6 3
18.75 9
14.75 16
10.75 102
14.34 15
41.0 1
18.76 13
14.35 17
18.7 10
18.35 9
14.76 38
10.35 144
10.76 252
18.77 1
32.69 1
10.77 3
18.8 5
18.36 11
14.36 39
10.36 143
18.78 2
36.29 1
14.78 2
10.78 1
14.37 2
18.9 83
10.37 69
41.3 1
14.38 1
18.38 2
14.79 10
18.39 9
10.39 195
14.39 7
41.5 2
28.0 21
33.63 1
28.2 1
15.71 6
55.55 2
19.71 1
11.71 15657
37.64 1
28.3 1
19.72 2
15.72 2
19.31 4
11.72 74
15.31 11
11.31 47
33.24 1
19.73 1
11.73 2
11.32 73
19.32 9
15.32 19
19.33 1
15.33 1
28.5 2
11.74 2
15.74 2
19.74 5
11.33 4
15.34 2
33.26 2
19.75 4
11.75 90
15.75 336
11.34 30
51.0 1
19.35 3
28.7 2
19.76 6
15.35 17
15.76 777
11.76 178
11.35 71
28.8 1
15.77 19
19.36 12
11.36 82
15.36 37
11.77 11
37.29 1
15.78 1
19.37 1
15.37 1
11.78 1
11.37 2
15.38 1
15.79 2
11.38 1
11.79 31
19.39 1
15.39 9
11.39 99
20.91 3
20.92 1
20.51 4
20.52 1
20.11 1
20.53 1
20.12 2
20.94 2
20.95 9
20.14 2
20.55 8
20.96 9
20.56 6
20.15 14
20.57 1
20.16 23
38.0 6
38.1 1
20.58 4
20.18 3
16.71 3
38.2 2
16.31 6
56.16 1
38.65 1
16.32 12
78.5 1
246.0 1
38.25 1
16.74 5
16.34 1
16.75 23
38.27 1
16.35 17
16.76 26
38.8 1
16.36 25
16.37 3
16.38 1
16.39 4
43.81 2
43.41 1
21.91 2
21.92 1
21.11 1
21.52 1
21.12 1
21.94 1
21.13 1
21.54 2
21.95 8
21.96 3
21.14 2
21.55 5
21.56 2
21.15 6
48.0 1
21.98 1
21.57 2
88.0 2
21.16 6
21.99 1
21.58 3
21.18 2
39.24 1
39.66 1
48.6 1
48.8 1
88.9 1
296.7 1
13.0 199
13.1 32
13.2 948
177.54 1
13.3 15
13.4 24
13.5 32
13.6 21
48.41 1
44.41 1
48.82 1
13.7 48
13.8 38
26.92 1
13.9 17
22.52 1
44.44 1
22.11 2
26.11 1
40.86 1
26.94 3
26.12 1
48.05 1
26.95 1
40.05 2
22.95 4
22.14 1
26.55 1
40.06 1
26.96 3
48.06 1
22.55 5
26.15 1
22.56 1
22.15 8
22.97 3
48.48 1
26.56 3
58.0 2
26.16 4
22.98 1
40.08 1
22.57 2
98.0 1
22.16 7
22.99 1
22.58 2
22.17 1
22.59 1
208.0 1
23.0 15
23.2 2
23.3 4
23.4 3
23.5 1
23.6 1
49.82 1
23.7 5
23.91 1
23.8 3
23.9 3
27.92 1
23.52 1
41.86 1
45.05 1
27.54 1
45.87 1
27.95 1
23.95 6
27.55 1
23.96 5
27.96 2
41.06 1
49.06 1
23.55 3
23.15 2
27.15 3
23.56 1
45.08 3
23.16 2
27.16 3
45.09 1
23.58 1
27.99 2
23.19 3
33.0 11
33.1 1
33.2 2
33.4 2
33.5 1
33.7 1
46.01 1
24.91 1
28.91 3
46.02 1
24.92 1
24.51 2
24.11 2
24.52 1
28.52 1
46.45 1
28.95 1
149.3 1
24.95 1
24.54 4
24.96 2
24.55 3
28.96 1
28.14 3
24.56 1
24.15 2
24.16 10
28.16 8
24.58 1
28.58 1
28.59 1
83.0 1
43.0 1
91.48 1
51.25 1
43.4 1
25.91 1
159.0 1
43.9 1
25.51 1
25.52 1
69.77 1
25.53 1
47.45 1
25.95 2
47.06 1
25.14 2
29.55 2
25.15 1
25.97 1
29.56 1
25.56 4
29.16 1
29.57 1
25.16 3
25.58 2
25.59 2
30.71 1
30.31 3
70.16 1
12.81 13
34.74 1
53.3 1
12.82 31
12.41 18
12.42 1
12.01 30
12.43 2
30.35 2
12.02 122
12.84 28
34.76 1
30.36 1
12.44 11
12.85 53
12.04 1
12.86 57
12.45 65
12.87 2
30.38 1
12.46 41
12.05 86
34.39 1
12.88 12
12.06 86
12.47 57
203.0 1
12.07 2
12.48 2
12.89 34
12.49 2
12.08 43
12.09 32
134.0 1
71.96 1
31.71 2
63.0 1
31.31 3
31.32 2
63.2 1
17.81 3
13.81 12
31.74 1
13.41 8
17.41 3
17.82 11
13.82 38
13.83 1
17.01 1
13.01 22
17.42 6
17.84 2
35.76 1
13.02 22
17.02 4
17.44 6
31.36 1
13.44 26
13.85 27
17.85 8
17.04 2
17.86 17
13.04 1
13.45 40
17.45 28
13.86 50
13.87 1
17.87 4
17.05 21
13.05 70
17.46 23
13.46 31
31.39 1
17.88 1
13.88 1
13.47 1
17.06 31
13.06 84
17.07 2
17.48 1
13.48 1
17.89 4
13.89 29
13.07 48
13.49 1
17.49 2
13.08 22
17.08 8
17.09 1
tip_amount 1
98.88 1
72.15 1
18.81 3
10.81 82
14.81 4
90.09 1
50.66 1
36.33 1
18.41 1
14.41 11
14.82 35
10.82 133
10.41 112
18.82 9
10.83 1
18.01 4
14.01 10
14.42 15
18.42 4
10.01 185
18.84 2
14.84 1
50.68 1
18.02 4
10.84 2
14.02 13
10.02 238
15.0 812
14.03 1
18.44 3
32.36 2
14.44 3
15.1 7
18.85 10
10.03 3
10.85 119
14.85 21
10.44 76
14.04 11
18.86 8
10.04 3
14.45 40
18.45 10
15.2 52
14.86 33
10.86 130
10.45 121
10.87 3
18.05 16
14.87 14
15.3 17
18.46 11
10.46 128
14.46 46
14.05 47
10.05 182
18.88 3
10.47 4
15.4 9
10.88 13
18.06 28
14.06 57
10.06 134
18.89 1
10.48 3
14.07 1
18.48 4
15.5 20
10.07 78
14.89 6
10.89 204
14.08 19
10.49 4
15.6 5
18.08 5
14.49 4
10.08 139
10.09 5
18.09 5
15.7 18
15.8 152
15.9 13
33.31 1
33.32 1
15.81 4
19.81 2
11.81 35
33.33 1
19.82 1
55.25 1
15.41 2
11.41 37
19.41 3
15.82 24
11.82 44
15.83 1
11.83 1
19.01 2
15.01 6
15.42 4
11.01 79
11.42 75
19.43 1
11.84 1
19.84 2
15.02 15
19.02 1
11.02 112
15.84 307
25.0 151
25.1 1
15.44 5
19.44 5
15.85 14
11.44 61
11.85 105
19.85 3
19.04 1
15.04 1
25.2 6
19.45 9
15.86 30
15.45 25
11.04 33
11.86 119
19.86 9
11.45 469
25.3 1
19.05 8
11.87 65
11.46 754
15.46 26
15.05 39
19.46 7
11.05 56
11.88 4
19.06 8
15.88 5
15.47 16
15.06 37
11.06 95
11.48 1
19.48 1
19.07 2
11.07 6
15.89 3
25.5 3
19.89 5
11.89 58
25.6 1
19.08 5
11.08 55
15.08 23
15.49 1
11.49 33
11.09 1
15.09 10
25.7 4
25.8 5
20.61 1
20.21 3
20.22 1
20.64 5
20.24 2
20.65 6
56.21 1
20.25 2
20.66 10
20.26 6
20.27 1
38.72 1
16.41 2
16.82 11
16.83 1
16.01 3
75.0 3
16.02 8
35.0 20
16.85 17
16.44 11
16.04 2
16.86 21
16.45 41
16.46 30
16.05 25
16.06 47
16.48 3
35.5 2
16.07 7
16.89 12
16.08 8
16.49 2
35.7 1
75.7 1
16.09 1
35.8 2
35.9 1
43.11 1
43.95 2
21.21 2
21.22 1
21.64 1
21.65 8
21.24 8
43.16 1
116.0 1
21.25 4
21.66 4
21.26 3
21.68 1
21.69 1
39.75 1
45.0 11
85.0 1
39.39 1
45.5 1
48.11 1
22.61 2
40.94 1
22.21 2
40.96 1
22.22 4
26.23 1
40.56 1
26.64 2
44.56 1
22.65 1
26.65 1
26.66 1
22.25 6
22.66 7
26.25 1
22.67 1
26.26 3
22.26 10
22.27 1
22.29 2
55.0 4
20.0 598
20.1 1
20.2 14
49.11 1
20.3 11
23.61 1
20.4 5
45.95 1
23.21 2
20.5 4
63.06 1
20.6 3
23.64 1
27.64 1
20.7 12
23.24 1
27.24 3
23.65 3
45.16 2
20.8 8
23.25 1
23.66 2
20.9 7
27.66 2
27.26 6
23.26 4
23.27 1
27.27 2
41.19 1
65.0 3
421.0 1
70.0 8
30.0 100
42.51 1
30.2 4
42.11 1
70.4 1
24.61 2
24.21 1
28.22 1
42.55 1
30.7 2
28.65 1
24.65 1
24.24 1
30.8 3
28.25 1
28.66 2
24.66 3
24.26 3
28.26 6
24.68 1
24.27 1
28.69 1
24.69 5
17.0 63
51.31 1
17.1 8
111.1 1
17.2 27
17.3 11
51.75 1
17.4 6
17.5 11
17.6 9
80.0 8
17.7 18
40.0 42
17.8 4
100.46 1
40.2 1
17.9 3
25.61 1
40.4 1
29.21 1
25.22 2
40.6 1
25.65 1
47.16 1
25.66 1
25.25 4
29.66 2
29.26 1
25.26 1
29.67 1
29.28 2
29.29 1
27.0 8
74.64 1
34.81 1
27.2 3
34.82 1
34.83 1
12.91 6
27.5 1
30.84 1
12.51 16
12.92 50
30.44 1
787.25 1
34.44 1
12.52 39
30.03 1
12.11 30
34.45 1
30.86 1
12.12 4
90.0 3
27.7 4
12.94 4
50.0 38
10.0 7544
34.46 1
34.05 2
30.46 1
12.13 2
27.8 1
12.54 25
30.05 6
12.95 56
10.1 184
34.06 1
30.06 6
27.9 1
12.96 44
12.14 57
12.55 33
50.2 2
10.2 188
30.89 1
12.97 2
12.15 78
12.56 57
10.3 94
30.08 3
12.57 12
12.16 155
10.4 137
50.5 1
30.09 2
12.58 27
10.5 173
12.99 18
12.17 61
12.18 3
12.59 2
10.6 121
10.7 145
90.8 1
10.8 161
10.9 61
200.0 4
37.0 5
31.41 2
31.82 1
37.4 1
17.91 2
31.01 1
13.91 23
13.92 1
17.51 3
13.51 9
17.93 1
31.85 2
17.11 1
31.44 2
13.93 6
13.52 44
13.11 23
17.52 4
13.12 1
35.45 1
31.86 1
37.7 1
17.12 4
31.45 2
13.94 4
17.94 9
60.0 15
31.46 1
17.54 1
35.05 2
13.13 1
35.46 1
13.54 2
37.8 2
17.95 11
13.95 51
17.14 5
31.06 2
17.96 16
13.96 53
17.55 320
13.55 27
13.14 40
35.89 1
31.89 1
13.97 20
17.15 50
17.56 13
13.56 33
13.15 372
31.08 1
13.98 2
17.98 3
17.16 29
13.16 121
13.57 6
17.57 728
17.17 1
13.17 1
17.58 11
17.99 2
13.58 28
17.18 1
13.18 1
17.59 2
13.59 25
17.19 60
47.0 5
101.0 1
141.0 1
50.31 1
47.2 1
32.81 2
32.82 1
94.59 1
14.91 9
10.91 72
54.76 1
54.35 1
14.92 3
50.35 1
18.51 4
10.92 4
36.02 2
14.51 8
10.51 124
18.92 175
18.52 1
14.93 1
18.11 1
10.93 2
14.52 8
14.11 12
10.11 174
10.52 257
10.94 3
36.86 1
32.86 1
10.53 1
14.94 11
18.94 1
32.45 2
14.12 23
36.46 1
32.46 1
50.79 1
36.05 2
10.13 1
18.54 3
32.05 3
18.95 20
14.95 35
10.54 107
10.95 136
32.06 1
14.14 10
18.55 7
18.96 10
14.55 31
14.96 23
10.96 90
10.14 287
10.55 1803
14.97 1
36.48 1
18.15 19
10.97 84
10.15 110
18.56 10
14.56 38
14.15 30
10.56 4133
10.98 1
14.98 2
36.08 1
32.49 1
10.57 2
14.57 11
18.16 32
10.16 169
14.16 84
14.99 1
10.17 4
10.99 1
36.09 2
18.58 8
14.58 23
18.99 4
10.58 71
18.17 3
12.0 890
18.18 1
14.18 1
14.59 1
12.1 40
10.59 50
12.2 65
14.19 18
333.33 1
12.3 45
12.4 23
220.0 1
12.5 64
12.6 1640
12.7 44
12.8 37
12.9 34
73.62 1
57.0 2
55.71 2
97.2 1
99.99 1
37.82 1
59.33 1
15.91 4
19.91 1
11.91 24
57.5 1
19.51 1
11.92 1
55.76 1
19.92 1
15.92 4
15.51 4
11.51 36
15.93 2
19.11 1
37.85 2
11.93 2
15.52 4
19.52 6
15.11 15
11.52 78
11.11 95
33.86 2
11.53 1
19.94 1
19.12 1
15.12 1
15.94 2
15.53 2
11.94 40
11.12 85
11.13 1
15.54 8
19.13 1
19.95 7
33.05 2
15.95 43
11.95 61
15.14 5
59.39 1
33.06 1
19.55 6
19.14 10
19.96 6
15.96 32
15.55 34
11.96 124
11.14 103
11.55 79
15.97 2
19.97 2
19.15 4
11.97 4
15.56 31
15.15 29
19.56 9
11.56 61
11.15 109
37.08 1
11.98 1
19.98 2
33.08 2
19.16 14
15.16 37
11.57 81
11.16 89
11.99 1
15.99 7
15.17 11
11.17 1
19.58 4
15.58 10
11.58 47
22.0 51
22.1 2
11.18 3
19.59 5
15.18 3
15.59 1
19.19 1
15.19 1
22.2 7
11.19 31
22.3 4
22.4 2

2)
The 20 most common tips in descending order
Command used was: $ awk -f awkscript.awk ~/cs131/2019-01-h1.csv | sort -nr -k 2,2 | head -20 >> ws56.txt

11.71 15657
10.0 7544
11.7 6495
10.56 4133
12.61 3380
14.64 3267
10.55 1803
12.6 1640
14.6 1311
13.2 948
12.0 890
15.0 812
15.76 777
11.46 754
17.57 728
20.0 598
11.0 538
11.45 469
13.15 372
15.75 336